0 7 
1 6 
2 7 
3 4 
4 7 
5 5 
6 3 
7 4 
8 7 
9 9 
10 5 
11 4 
12 1 
13 3 
14 2 
15 2 
16 8 
17 4 
18 10 
19 3 
20 6 
21 8 
22 6 
23 1 
24 4 
25 9 
26 9 
27 10 
28 10 
29 10 
30 10 
31 6 
32 4 
33 2 
34 9 
35 3 
36 10 
37 5 
38 7 
39 6 
40 9 
41 4 
42 4 
43 8 
44 8 
45 2 
46 4 
47 3 
48 10 
49 7 
50 3 
51 6 
52 8 
53 3 
54 2 
55 10 
56 9 
57 1 
58 4 
59 8 
60 4 
61 9 
62 9 
63 3 
64 5 
65 10 
66 9 
67 4 
68 6 
69 9 
70 9 
71 10 
72 3 
73 8 
74 2 
75 6 
76 8 
77 6 
78 4 
79 9 
80 3 
81 4 
82 7 
83 4 
84 4 
85 9 
86 9 
87 6 
88 6 
89 2 
90 1 
91 3 
92 9 
93 8 
94 1 
95 4 
96 2 
97 3 
98 8 
99 8 
